Beta	RMS Error
0.00	175.53
0.01	175.19
0.02	174.15
0.03	171.01
0.04	149.95
0.05	36.39
0.06	6.30
0.07	1.32
0.08	0.88
0.09	2.68
0.10	4.06
0.11	3.88
0.12	2.91
0.13	1.84
0.14	0.93
0.15	0.33
0.16	0.27
0.17	0.52
0.18	0.72
0.19	0.96
0.20	0.93
0.21	0.90
0.22	0.95
0.23	1.11
0.24	0.97
0.25	0.92
0.26	1.14
0.27	1.07
0.28	1.00
0.29	1.04
0.30	1.01
0.31	0.89
0.32	1.02
0.33	1.12
0.34	1.10
0.35	1.09
0.36	1.01
0.37	0.92
0.38	1.04
0.39	1.08
0.40	0.98
0.41	0.92
0.42	1.10
0.43	1.05
0.44	1.06
0.45	1.05
0.46	0.99
0.47	1.05
0.48	1.01
0.49	1.08
0.50	1.01
